# relative_time, cycles_done, cur_item, corpus_count, pending_total, pending_favs, map_size, saved_crashes, saved_hangs, max_depth, execs_per_sec, total_execs, edges_found, total_crashes, servers_count
60, 0, 188, 212, 191, 39, 65.65%, 20, 0, 5, 2253.29, 136134, 172, 191, 0
65, 0, 188, 214, 193, 39, 66.03%, 20, 0, 5, 2242.57, 147324, 173, 255, 0
70, 0, 188, 215, 194, 39, 66.03%, 20, 0, 5, 2249.96, 158717, 173, 311, 0
76, 0, 223, 234, 168, 1, 70.23%, 22, 0, 6, 2200.80, 170067, 184, 332, 0
81, 0, 73, 235, 153, 0, 70.23%, 22, 0, 6, 2212.70, 181528, 184, 343, 0
86, 0, 224, 237, 144, 0, 70.23%, 24, 0, 6, 2223.39, 193038, 184, 360, 0
91, 1, 41, 238, 115, 0, 70.23%, 26, 0, 6, 2214.08, 204079, 184, 382, 0
96, 1, 238, 250, 112, 0, 70.23%, 26, 0, 8, 2209.19, 215157, 184, 399, 0
101, 1, 103, 253, 106, 0, 70.23%, 27, 0, 9, 2227.51, 226705, 184, 414, 0
106, 1, 235, 254, 84, 0, 70.23%, 27, 0, 9, 2191.75, 237652, 184, 449, 0
111, 2, 211, 257, 67, 0, 70.61%, 27, 0, 9, 2190.55, 249014, 185, 473, 0
117, 2, 251, 261, 55, 0, 70.61%, 27, 0, 10, 2215.77, 260187, 185, 491, 0
122, 2, 232, 269, 56, 0, 70.99%, 27, 0, 10, 2216.08, 271266, 186, 500, 0
127, 2, 160, 270, 45, 0, 70.99%, 27, 0, 10, 2211.26, 282258, 186, 514, 0
132, 3, 256, 274, 38, 0, 70.99%, 27, 0, 11, 2185.59, 293189, 186, 521, 0
137, 3, 271, 280, 44, 0, 70.99%, 27, 0, 12, 2176.82, 304190, 186, 521, 0
142, 3, 256, 283, 40, 0, 71.37%, 27, 0, 13, 2061.18, 314446, 187, 529, 0
147, 3, 173, 284, 34, 0, 71.37%, 27, 0, 13, 2007.27, 324992, 187, 557, 0
152, 3, 201, 290, 39, 0, 71.37%, 27, 0, 13, 1900.95, 334395, 187, 558, 0
157, 3, 289, 290, 33, 0, 71.37%, 27, 0, 13, 1832.02, 343386, 187, 565, 0
162, 3, 92, 291, 28, 0, 71.37%, 27, 0, 13, 1827.03, 352612, 187, 576, 0
167, 4, 94, 291, 25, 0, 71.37%, 27, 0, 13, 1802.89, 361649, 187, 595, 0
172, 4, 279, 292, 23, 0, 71.37%, 29, 0, 13, 1724.49, 370063, 187, 615, 0
177, 4, 96, 292, 22, 0, 71.37%, 29, 0, 13, 1861.40, 379456, 187, 630, 0
182, 4, 98, 293, 22, 0, 71.37%, 29, 0, 13, 2009.98, 389738, 187, 647, 0
187, 5, 291, 295, 22, 0, 71.37%, 29, 0, 14, 2023.00, 400115, 187, 674, 0
192, 5, 247, 296, 20, 0, 71.37%, 29, 0, 14, 2035.91, 410344, 187, 685, 0
197, 5, 108, 298, 16, 0, 71.37%, 29, 0, 14, 2006.06, 420458, 187, 688, 0
202, 5, 20, 298, 13, 0, 71.37%, 30, 0, 14, 1992.38, 430476, 187, 695, 0
207, 5, 231, 299, 12, 0, 71.37%, 30, 0, 14, 1786.34, 438913, 187, 708, 0
213, 6, 160, 299, 10, 0, 71.37%, 30, 0, 14, 1841.18, 448253, 187, 715, 0
218, 6, 219, 300, 10, 0, 71.37%, 30, 0, 14, 1857.75, 457854, 187, 729, 0
223, 6, 163, 301, 10, 0, 71.37%, 30, 0, 14, 1837.25, 467027, 187, 748, 0
228, 6, 139, 301, 9, 0, 71.37%, 30, 0, 14, 1804.29, 476242, 187, 761, 0
233, 7, 268, 301, 6, 0, 71.37%, 30, 0, 14, 1822.75, 485417, 187, 770, 0
238, 7, 256, 302, 5, 0, 71.37%, 30, 0, 14, 1829.97, 494613, 187, 787, 0
243, 7, 285, 303, 5, 0, 71.37%, 30, 0, 14, 1826.77, 504114, 187, 801, 0
248, 7, 286, 304, 5, 0, 71.37%, 30, 0, 14, 1853.55, 513418, 187, 819, 0
253, 8, 145, 307, 6, 0, 71.37%, 30, 0, 15, 1856.55, 522707, 187, 833, 0
258, 8, 81, 307, 5, 0, 71.37%, 30, 0, 15, 1846.57, 532009, 187, 846, 0
263, 8, 22, 308, 5, 0, 71.37%, 30, 0, 15, 1819.06, 541075, 187, 849, 0
268, 8, 131, 309, 5, 0, 71.37%, 30, 0, 15, 1838.40, 550617, 187, 861, 0
273, 8, 147, 309, 5, 0, 71.37%, 30, 0, 15, 1809.26, 559683, 187, 881, 0
278, 9, 268, 309, 4, 0, 71.37%, 30, 0, 15, 1826.88, 568917, 187, 901, 0
284, 9, 105, 310, 4, 0, 71.37%, 30, 0, 15, 1831.26, 578414, 187, 919, 0
289, 9, 219, 310, 4, 0, 71.37%, 30, 0, 15, 1812.09, 587512, 187, 926, 0
294, 9, 244, 310, 2, 0, 71.37%, 30, 0, 15, 1838.33, 596830, 187, 937, 0
299, 9, 168, 310, 2, 0, 71.37%, 30, 0, 15, 1830.17, 606317, 187, 957, 0
304, 10, 101, 310, 2, 0, 71.37%, 30, 0, 15, 1817.29, 615517, 187, 978, 0
309, 10, 268, 311, 2, 0, 71.37%, 30, 0, 16, 1844.62, 625206, 187, 982, 0
314, 10, 105, 311, 2, 0, 71.37%, 30, 0, 16, 1914.49, 634736, 187, 996, 0
319, 10, 195, 311, 2, 0, 71.37%, 30, 0, 16, 2022.83, 645298, 187, 1016, 0
324, 11, 78, 311, 2, 0, 71.37%, 31, 0, 16, 2071.70, 655831, 187, 1034, 0
329, 11, 167, 311, 2, 0, 71.37%, 31, 0, 16, 2091.39, 666406, 187, 1052, 0
334, 11, 310, 311, 1, 0, 71.37%, 31, 0, 16, 2101.42, 676961, 187, 1070, 0
339, 11, 179, 311, 0, 0, 71.37%, 31, 0, 16, 2103.80, 687533, 187, 1083, 0
345, 12, 160, 311, 0, 0, 71.37%, 31, 0, 16, 2110.95, 698203, 187, 1095, 0
350, 12, 27, 311, 0, 0, 71.37%, 31, 0, 16, 2079.18, 708601, 187, 1113, 0
355, 12, 221, 311, 0, 0, 71.37%, 31, 0, 16, 2094.71, 719194, 187, 1134, 0
360, 12, 201, 311, 0, 0, 71.37%, 31, 0, 16, 2096.52, 730075, 187, 1150, 0
365, 13, 27, 311, 0, 0, 71.37%, 31, 0, 16, 2093.42, 740596, 187, 1171, 0
370, 13, 139, 311, 0, 0, 71.37%, 31, 0, 16, 2120.77, 751626, 187, 1179, 0
375, 13, 231, 311, 0, 0, 71.37%, 31, 0, 16, 2113.21, 762291, 187, 1192, 0
380, 14, 105, 311, 0, 0, 71.37%, 31, 0, 16, 2101.43, 772951, 187, 1214, 0
385, 14, 287, 311, 0, 0, 71.37%, 32, 0, 16, 2066.80, 783318, 187, 1234, 0
390, 14, 160, 311, 0, 0, 71.37%, 32, 0, 16, 2089.14, 793845, 187, 1245, 0
395, 14, 147, 311, 0, 0, 71.37%, 32, 0, 16, 2119.12, 804588, 187, 1262, 0
400, 15, 232, 311, 0, 0, 71.37%, 32, 0, 16, 2119.98, 815321, 187, 1277, 0
405, 15, 43, 312, 1, 0, 71.37%, 32, 0, 16, 2080.11, 825841, 187, 1287, 0
410, 15, 230, 312, 1, 0, 71.37%, 32, 0, 16, 2110.27, 836423, 187, 1307, 0
416, 15, 101, 313, 2, 0, 71.37%, 32, 0, 16, 2087.68, 847247, 187, 1330, 0
421, 16, 220, 313, 1, 0, 71.37%, 32, 0, 16, 2094.41, 858079, 187, 1358, 0
426, 16, 219, 313, 1, 0, 71.37%, 32, 0, 16, 2117.21, 869081, 187, 1372, 0
431, 16, 268, 313, 1, 0, 71.37%, 32, 0, 16, 2113.22, 880011, 187, 1385, 0
436, 16, 311, 314, 2, 0, 71.37%, 32, 0, 16, 2112.38, 890882, 187, 1405, 0
441, 17, 286, 315, 1, 0, 71.37%, 32, 0, 16, 2099.01, 901433, 187, 1423, 0
446, 17, 98, 315, 0, 0, 71.37%, 32, 0, 16, 2073.11, 912060, 187, 1448, 0
452, 17, 167, 315, 0, 0, 71.37%, 33, 0, 16, 2102.93, 923045, 187, 1467, 0
457, 17, 38, 315, 0, 0, 71.37%, 33, 0, 16, 2126.59, 934137, 187, 1483, 0
462, 18, 135, 315, 0, 0, 71.37%, 33, 0, 16, 2091.05, 944569, 187, 1501, 0
467, 18, 114, 315, 0, 0, 71.37%, 33, 0, 16, 2054.92, 954820, 187, 1528, 0
472, 18, 144, 315, 0, 0, 71.37%, 33, 0, 16, 1996.71, 965024, 187, 1537, 0
477, 18, 245, 315, 0, 0, 71.37%, 33, 0, 16, 1991.12, 975264, 187, 1557, 0
482, 19, 20, 315, 0, 0, 71.37%, 34, 0, 16, 2047.93, 985614, 187, 1575, 0
487, 19, 27, 315, 0, 0, 71.37%, 34, 0, 16, 2039.94, 995891, 187, 1591, 0
492, 19, 176, 315, 0, 0, 71.37%, 34, 0, 16, 2040.00, 1006527, 187, 1610, 0
497, 19, 275, 315, 0, 0, 71.37%, 34, 0, 16, 1874.24, 1015898, 187, 1631, 0
503, 20, 140, 315, 0, 0, 71.37%, 34, 0, 16, 1789.61, 1025069, 187, 1650, 0
508, 20, 103, 315, 0, 0, 71.37%, 34, 0, 16, 1909.36, 1035250, 187, 1660, 0
513, 20, 49, 315, 0, 0, 71.37%, 34, 0, 16, 2013.37, 1045823, 187, 1679, 0
518, 20, 229, 315, 0, 0, 71.37%, 34, 0, 16, 2037.54, 1056072, 187, 1689, 0
523, 21, 147, 315, 0, 0, 71.37%, 34, 0, 16, 2048.35, 1066361, 187, 1703, 0
528, 21, 278, 315, 0, 0, 71.37%, 34, 0, 16, 2046.29, 1076662, 187, 1724, 0
533, 21, 215, 315, 0, 0, 71.37%, 34, 0, 16, 2041.95, 1086836, 187, 1746, 0
538, 21, 312, 315, 0, 0, 71.37%, 34, 0, 16, 2056.97, 1097166, 187, 1762, 0
543, 22, 309, 315, 0, 0, 71.37%, 35, 0, 16, 2054.25, 1107841, 187, 1772, 0
549, 22, 144, 315, 0, 0, 71.37%, 35, 0, 16, 2077.06, 1118552, 187, 1793, 0
554, 22, 229, 315, 0, 0, 71.37%, 35, 0, 16, 2060.76, 1128875, 187, 1807, 0
559, 22, 85, 315, 0, 0, 71.37%, 35, 0, 16, 2065.86, 1139243, 187, 1820, 0
564, 23, 230, 315, 0, 0, 71.37%, 35, 0, 16, 2033.16, 1149696, 187, 1825, 0
569, 23, 139, 315, 0, 0, 71.37%, 35, 0, 16, 2025.42, 1159911, 187, 1846, 0
574, 23, 231, 315, 0, 0, 71.37%, 35, 0, 16, 2044.90, 1170190, 187, 1861, 0
579, 23, 268, 315, 0, 0, 71.37%, 35, 0, 16, 2060.83, 1180890, 187, 1873, 0
584, 24, 229, 315, 0, 0, 71.37%, 35, 0, 16, 2052.32, 1191132, 187, 1882, 0
589, 24, 145, 315, 0, 0, 71.37%, 35, 0, 16, 2058.81, 1201802, 187, 1898, 0
594, 24, 281, 315, 0, 0, 71.37%, 35, 0, 16, 2022.04, 1211922, 187, 1906, 0
599, 24, 81, 315, 0, 0, 71.37%, 35, 0, 16, 2095.00, 1222373, 187, 1924, 0
604, 24, 316, 326, 11, 2, 75.19%, 35, 0, 16, 2123.22, 1233143, 197, 1927, 0
609, 24, 320, 328, 11, 0, 75.19%, 35, 0, 16, 2036.02, 1243455, 197, 1932, 0
614, 25, 327, 329, 10, 0, 75.19%, 36, 0, 16, 1847.98, 1252777, 197, 1939, 0
620, 25, 321, 329, 6, 0, 75.19%, 36, 0, 16, 1915.45, 1262735, 197, 1940, 0
625, 25, 160, 330, 5, 0, 75.19%, 36, 0, 16, 2175.00, 1274266, 197, 1945, 0
630, 25, 319, 330, 3, 0, 75.19%, 36, 0, 16, 2268.47, 1286148, 197, 1961, 0
635, 25, 221, 330, 0, 0, 75.19%, 36, 0, 16, 2243.73, 1297350, 197, 1969, 0
640, 25, 280, 330, 0, 0, 75.19%, 36, 0, 16, 2268.93, 1309200, 197, 1981, 0
645, 26, 324, 330, 0, 0, 75.19%, 36, 0, 16, 2268.88, 1320668, 197, 1988, 0
650, 26, 330, 331, 1, 0, 75.19%, 36, 0, 16, 2226.34, 1331982, 197, 1993, 0
655, 26, 331, 338, 7, 0, 75.19%, 36, 0, 16, 2090.74, 1342384, 197, 2003, 0
660, 26, 336, 341, 9, 0, 75.19%, 36, 0, 16, 2138.06, 1352977, 197, 2016, 0
665, 26, 340, 343, 9, 0, 75.19%, 36, 0, 16, 2074.58, 1363348, 197, 2028, 0
670, 26, 334, 347, 12, 0, 75.19%, 36, 0, 16, 1978.63, 1373414, 197, 2045, 0
675, 26, 347, 352, 16, 1, 75.95%, 36, 0, 16, 1859.89, 1382662, 199, 2058, 0
680, 26, 346, 353, 14, 0, 75.95%, 36, 0, 16, 1846.78, 1392209, 199, 2063, 0
686, 26, 339, 356, 15, 0, 75.95%, 36, 0, 16, 1913.96, 1402118, 199, 2071, 0
691, 26, 357, 359, 16, 0, 75.95%, 36, 0, 16, 1966.54, 1412251, 199, 2165, 0
696, 26, 358, 359, 14, 0, 75.95%, 36, 0, 16, 1862.31, 1420492, 199, 2170, 0
701, 26, 341, 359, 12, 0, 75.95%, 36, 0, 16, 1881.54, 1430460, 199, 2184, 0
706, 26, 338, 359, 10, 0, 75.95%, 36, 0, 16, 1851.67, 1440103, 199, 2191, 0
711, 27, 355, 359, 7, 0, 75.95%, 36, 0, 16, 1776.94, 1448935, 199, 2200, 0
716, 27, 340, 359, 6, 0, 75.95%, 36, 0, 16, 2006.37, 1459378, 199, 2211, 0
721, 27, 359, 360, 5, 0, 75.95%, 36, 0, 16, 1942.96, 1469106, 199, 2240, 0
726, 27, 361, 362, 7, 0, 75.95%, 37, 0, 16, 1975.48, 1478965, 199, 2331, 0
731, 27, 220, 362, 6, 0, 75.95%, 37, 0, 16, 1991.89, 1489158, 199, 2352, 0
736, 27, 359, 362, 6, 0, 75.95%, 37, 0, 16, 1985.56, 1499190, 199, 2371, 0
741, 27, 264, 362, 6, 0, 75.95%, 37, 0, 16, 2034.25, 1509746, 199, 2406, 0
746, 27, 337, 362, 5, 0, 75.95%, 37, 0, 16, 1994.20, 1519828, 199, 2424, 0
752, 28, 347, 363, 4, 0, 75.95%, 37, 0, 16, 1903.89, 1529515, 199, 2431, 0
757, 28, 362, 364, 4, 0, 75.95%, 37, 0, 16, 1730.16, 1538491, 199, 2440, 0
762, 28, 359, 366, 4, 0, 75.95%, 37, 0, 16, 1621.50, 1546255, 199, 2442, 0
767, 28, 365, 366, 3, 0, 75.95%, 37, 0, 16, 1743.32, 1555792, 199, 2455, 0
772, 28, 195, 367, 2, 0, 75.95%, 37, 0, 16, 1590.53, 1563305, 199, 2457, 0
777, 28, 366, 367, 2, 0, 75.95%, 37, 0, 16, 1667.63, 1572247, 199, 2464, 0
782, 28, 240, 367, 2, 0, 75.95%, 37, 0, 16, 1709.11, 1580932, 199, 2473, 0
787, 28, 338, 367, 2, 0, 75.95%, 37, 0, 16, 1720.39, 1589619, 199, 2486, 0
792, 28, 321, 367, 2, 0, 75.95%, 37, 0, 16, 1763.31, 1598521, 199, 2502, 0
797, 29, 267, 367, 1, 0, 75.95%, 37, 0, 16, 1786.74, 1607170, 199, 2512, 0
802, 29, 78, 367, 1, 0, 75.95%, 37, 0, 16, 1925.10, 1617023, 199, 2513, 0
807, 29, 186, 367, 1, 0, 75.95%, 37, 0, 16, 1920.02, 1626837, 199, 2534, 0
812, 29, 359, 367, 1, 0, 75.95%, 37, 0, 16, 1939.74, 1636645, 199, 2551, 0
818, 29, 121, 367, 0, 0, 75.95%, 37, 0, 16, 1898.43, 1646411, 199, 2580, 0
823, 29, 160, 367, 0, 0, 75.95%, 37, 0, 16, 2004.50, 1656823, 199, 2588, 0
828, 30, 12, 367, 0, 0, 75.95%, 38, 0, 16, 1973.99, 1666696, 199, 2623, 0
833, 30, 359, 367, 0, 0, 75.95%, 38, 0, 16, 1914.34, 1676611, 199, 2652, 0
838, 30, 224, 367, 0, 0, 75.95%, 38, 0, 16, 1911.26, 1686110, 199, 2674, 0
843, 30, 105, 367, 0, 0, 75.95%, 38, 0, 16, 2062.38, 1696930, 199, 2683, 0
848, 30, 124, 367, 0, 0, 75.95%, 38, 0, 16, 2110.00, 1707835, 199, 2693, 0
853, 30, 280, 367, 0, 0, 75.95%, 38, 0, 16, 1957.94, 1717384, 199, 2725, 0
858, 31, 359, 367, 0, 0, 75.95%, 38, 0, 16, 1959.55, 1727085, 199, 2738, 0
863, 31, 364, 367, 0, 0, 75.95%, 38, 0, 16, 1909.02, 1736928, 199, 2751, 0
868, 31, 359, 367, 0, 0, 75.95%, 38, 0, 16, 1991.36, 1746929, 199, 2763, 0
873, 31, 105, 367, 0, 0, 75.95%, 38, 0, 16, 2018.99, 1757534, 199, 2776, 0
879, 31, 105, 368, 1, 0, 75.95%, 38, 0, 16, 2050.59, 1767775, 199, 2789, 0
884, 32, 49, 368, 1, 0, 75.95%, 38, 0, 16, 2062.72, 1778475, 199, 2818, 0
889, 32, 277, 368, 1, 0, 75.95%, 38, 0, 16, 2006.02, 1788600, 199, 2836, 0
894, 32, 64, 368, 1, 0, 75.95%, 38, 0, 16, 2052.31, 1799128, 199, 2852, 0
899, 32, 230, 368, 0, 0, 75.95%, 38, 0, 16, 2016.71, 1808988, 199, 2877, 0
904, 32, 268, 368, 0, 0, 75.95%, 38, 0, 16, 2153.38, 1819951, 199, 2885, 0
909, 32, 366, 368, 0, 0, 75.95%, 38, 0, 16, 2051.11, 1830456, 199, 2906, 0
914, 33, 367, 368, 0, 0, 75.95%, 38, 0, 16, 2170.69, 1841275, 199, 2918, 0
919, 33, 232, 368, 0, 0, 75.95%, 38, 0, 16, 2123.10, 1852051, 199, 2927, 0
922, 33, 347, 368, 0, 0, 75.95%, 38, 0, 16, 1996.54, 1857094, 199, 2933, 0
