# relative_time, cycles_done, cur_item, corpus_count, pending_total, pending_favs, map_size, saved_crashes, saved_hangs, max_depth, execs_per_sec, total_execs, edges_found, total_crashes, servers_count
61, 0, 4, 78, 77, 4, 37.80%, 1, 0, 2, 488.01, 29219, 124, 1, 0
66, 0, 4, 78, 77, 4, 37.80%, 1, 0, 2, 493.09, 31685, 124, 1, 0
71, 0, 4, 80, 79, 4, 37.80%, 1, 0, 2, 491.78, 34246, 124, 1, 0
76, 0, 4, 81, 80, 4, 38.11%, 1, 0, 2, 481.59, 36710, 125, 1, 0
81, 0, 4, 81, 80, 4, 38.11%, 1, 0, 2, 491.89, 39203, 125, 1, 0
86, 0, 4, 83, 82, 4, 38.11%, 1, 0, 2, 492.66, 41683, 125, 1, 0
91, 0, 4, 85, 84, 4, 38.41%, 1, 0, 2, 493.97, 44163, 126, 1, 0
96, 0, 4, 85, 84, 4, 38.41%, 1, 0, 2, 496.67, 46674, 126, 1, 0
101, 0, 4, 88, 87, 4, 39.33%, 1, 0, 2, 493.68, 49179, 129, 1, 0
106, 0, 4, 89, 88, 4, 39.33%, 1, 0, 2, 498.26, 51688, 129, 1, 0
111, 0, 78, 99, 92, 31, 40.55%, 2, 0, 3, 475.83, 54059, 133, 2, 0
116, 0, 78, 105, 98, 31, 41.77%, 5, 0, 3, 468.48, 56414, 137, 5, 0
121, 0, 78, 110, 103, 31, 41.77%, 5, 0, 3, 465.58, 58753, 137, 10, 0
126, 0, 78, 112, 105, 31, 42.07%, 5, 0, 3, 467.35, 61125, 138, 12, 0
131, 0, 98, 118, 104, 32, 42.99%, 6, 0, 4, 471.05, 63487, 141, 13, 0
136, 0, 103, 127, 108, 28, 52.44%, 7, 0, 4, 469.69, 65923, 172, 14, 0
141, 0, 103, 132, 113, 28, 52.44%, 7, 0, 4, 469.66, 68290, 172, 16, 0
147, 0, 103, 135, 116, 28, 53.05%, 8, 0, 4, 471.00, 70660, 174, 20, 0
152, 0, 103, 140, 121, 28, 53.35%, 8, 0, 4, 466.06, 72990, 175, 21, 0
157, 0, 103, 147, 128, 28, 54.88%, 8, 0, 4, 464.84, 75353, 180, 22, 0
162, 0, 116, 150, 125, 35, 55.49%, 8, 0, 4, 469.80, 77709, 182, 25, 0
167, 0, 125, 158, 129, 31, 58.23%, 9, 0, 5, 467.10, 80059, 191, 35, 0
172, 0, 125, 162, 133, 31, 59.15%, 9, 0, 5, 467.77, 82411, 194, 39, 0
177, 0, 125, 164, 135, 31, 59.45%, 10, 0, 5, 471.37, 84864, 195, 45, 0
182, 0, 125, 165, 136, 31, 59.76%, 11, 0, 5, 469.15, 87220, 196, 57, 0
187, 0, 125, 165, 136, 31, 59.76%, 12, 0, 5, 466.06, 89570, 196, 75, 0
192, 0, 117, 167, 134, 34, 60.06%, 13, 0, 6, 474.36, 92037, 197, 87, 0
197, 0, 139, 171, 130, 28, 60.67%, 13, 0, 6, 469.41, 94366, 199, 90, 0
202, 0, 139, 180, 139, 28, 61.28%, 13, 0, 6, 481.32, 96859, 201, 94, 0
208, 0, 139, 182, 141, 28, 61.28%, 13, 0, 6, 481.82, 99348, 201, 101, 0
213, 0, 139, 184, 143, 28, 61.28%, 13, 0, 6, 481.24, 101819, 201, 108, 0
218, 0, 139, 184, 143, 28, 61.28%, 14, 0, 6, 481.05, 104304, 201, 115, 0
223, 0, 139, 186, 145, 28, 61.59%, 14, 0, 6, 475.91, 106659, 202, 125, 0
228, 0, 158, 189, 143, 26, 61.89%, 14, 0, 6, 471.87, 109117, 203, 131, 0
233, 0, 136, 194, 141, 20, 62.20%, 16, 0, 6, 473.59, 111579, 204, 137, 0
238, 0, 132, 197, 141, 18, 62.80%, 17, 0, 7, 458.77, 113886, 206, 146, 0
243, 0, 124, 199, 135, 13, 63.11%, 18, 0, 7, 453.26, 116213, 207, 150, 0
248, 0, 133, 199, 125, 3, 63.11%, 20, 0, 7, 448.74, 118488, 207, 153, 0
253, 0, 151, 201, 122, 0, 63.72%, 20, 0, 7, 457.55, 120811, 209, 160, 0
259, 0, 134, 203, 124, 0, 63.72%, 20, 0, 7, 469.98, 123263, 209, 166, 0
264, 0, 124, 203, 122, 0, 63.72%, 20, 0, 7, 475.43, 125650, 209, 171, 0
269, 0, 2, 209, 127, 0, 63.72%, 20, 0, 7, 468.00, 128009, 209, 177, 0
274, 0, 2, 213, 131, 0, 63.72%, 21, 0, 7, 451.66, 130323, 209, 179, 0
279, 0, 2, 218, 136, 0, 63.72%, 21, 0, 7, 443.30, 132543, 209, 182, 0
284, 0, 2, 221, 139, 0, 63.72%, 21, 0, 7, 449.05, 134820, 209, 185, 0
289, 0, 2, 222, 140, 0, 63.72%, 22, 0, 7, 450.60, 137102, 209, 186, 0
294, 0, 156, 222, 135, 0, 63.72%, 22, 0, 7, 463.90, 139454, 209, 194, 0
299, 0, 160, 222, 132, 0, 63.72%, 23, 0, 7, 465.22, 141869, 209, 207, 0
304, 0, 189, 222, 130, 0, 63.72%, 24, 0, 7, 478.14, 144365, 209, 217, 0
309, 0, 31, 222, 126, 0, 63.72%, 24, 0, 7, 475.76, 146749, 209, 220, 0
314, 0, 203, 227, 128, 0, 63.72%, 24, 0, 7, 471.32, 149108, 209, 227, 0
320, 0, 203, 228, 129, 0, 63.72%, 24, 0, 7, 423.78, 151250, 209, 233, 0
325, 0, 203, 230, 131, 0, 63.72%, 24, 0, 7, 375.51, 153063, 209, 237, 0
330, 0, 203, 232, 133, 0, 63.72%, 24, 0, 7, 396.60, 155093, 209, 243, 0
335, 0, 203, 232, 133, 0, 63.72%, 24, 0, 7, 428.51, 157278, 209, 251, 0
340, 0, 203, 233, 134, 0, 63.72%, 24, 0, 7, 438.24, 159501, 209, 256, 0
345, 0, 26, 233, 133, 0, 63.72%, 24, 0, 7, 443.45, 161809, 209, 261, 0
350, 0, 8, 233, 132, 0, 63.72%, 24, 0, 7, 449.84, 164097, 209, 264, 0
355, 1, 132, 234, 126, 0, 63.72%, 24, 0, 7, 443.65, 166337, 209, 266, 0
360, 1, 52, 235, 119, 0, 63.72%, 24, 0, 8, 446.98, 168555, 209, 271, 0
365, 1, 119, 235, 112, 0, 63.72%, 25, 0, 8, 458.83, 170839, 209, 277, 0
370, 1, 46, 235, 106, 0, 63.72%, 25, 0, 8, 463.84, 173190, 209, 277, 0
375, 1, 139, 235, 101, 0, 63.72%, 25, 0, 8, 457.29, 175484, 209, 282, 0
380, 1, 31, 235, 94, 0, 63.72%, 25, 0, 8, 465.55, 177801, 209, 286, 0
385, 1, 151, 236, 88, 0, 63.72%, 25, 0, 8, 463.96, 180141, 209, 288, 0
390, 1, 152, 236, 84, 0, 63.72%, 25, 0, 8, 470.18, 182514, 209, 292, 0
395, 1, 64, 237, 77, 0, 63.72%, 25, 0, 8, 447.86, 184772, 209, 297, 0
400, 1, 121, 239, 74, 0, 63.72%, 25, 0, 8, 450.37, 187103, 209, 304, 0
405, 1, 172, 239, 69, 0, 63.72%, 25, 0, 8, 471.72, 189509, 209, 310, 0
411, 1, 134, 240, 69, 0, 63.72%, 25, 0, 8, 478.61, 191988, 209, 318, 0
416, 1, 173, 240, 62, 0, 63.72%, 25, 0, 8, 476.89, 194469, 209, 330, 0
421, 1, 117, 240, 56, 0, 63.72%, 26, 0, 8, 469.14, 196830, 209, 338, 0
426, 1, 239, 240, 53, 0, 63.72%, 26, 0, 8, 462.83, 199234, 209, 349, 0
431, 2, 143, 240, 50, 0, 63.72%, 26, 0, 8, 460.27, 201545, 209, 359, 0
436, 2, 38, 240, 46, 0, 63.72%, 26, 0, 8, 472.46, 204012, 209, 370, 0
441, 2, 63, 240, 44, 0, 63.72%, 26, 0, 8, 471.53, 206395, 209, 371, 0
446, 2, 160, 240, 43, 0, 63.72%, 26, 0, 8, 472.11, 208758, 209, 378, 0
451, 2, 120, 240, 40, 0, 63.72%, 26, 0, 8, 479.50, 211158, 209, 386, 0
457, 2, 136, 240, 40, 0, 63.72%, 27, 0, 8, 475.03, 213623, 209, 392, 0
462, 2, 189, 240, 39, 0, 63.72%, 27, 0, 8, 471.94, 216078, 209, 395, 0
467, 2, 145, 240, 39, 0, 63.72%, 27, 0, 8, 469.17, 218452, 209, 402, 0
472, 2, 50, 240, 36, 0, 63.72%, 28, 0, 8, 467.86, 220877, 209, 412, 0
477, 2, 77, 240, 35, 0, 63.72%, 28, 0, 8, 461.14, 223298, 209, 426, 0
482, 2, 156, 240, 34, 0, 63.72%, 28, 0, 8, 474.16, 225699, 209, 427, 0
487, 2, 148, 240, 33, 0, 63.72%, 28, 0, 8, 475.87, 228179, 209, 431, 0
493, 2, 156, 240, 33, 0, 63.72%, 28, 0, 8, 474.25, 230647, 209, 433, 0
498, 2, 111, 241, 33, 0, 63.72%, 28, 0, 8, 466.00, 232992, 209, 436, 0
503, 3, 120, 241, 32, 0, 63.72%, 28, 0, 8, 460.04, 235319, 209, 446, 0
508, 3, 172, 241, 29, 0, 63.72%, 28, 0, 8, 479.67, 237834, 209, 454, 0
513, 3, 189, 241, 28, 0, 63.72%, 28, 0, 8, 480.87, 240332, 209, 463, 0
518, 3, 164, 241, 25, 0, 63.72%, 28, 0, 8, 464.64, 242753, 209, 468, 0
523, 3, 100, 241, 24, 0, 63.72%, 28, 0, 8, 473.44, 245143, 209, 472, 0
528, 3, 174, 242, 25, 0, 63.72%, 28, 0, 8, 475.55, 247538, 209, 476, 0
534, 3, 135, 243, 25, 0, 63.72%, 29, 0, 8, 477.04, 250033, 209, 481, 0
539, 3, 156, 243, 24, 0, 63.72%, 29, 0, 8, 483.03, 252446, 209, 495, 0
544, 3, 40, 243, 24, 0, 63.72%, 29, 0, 8, 485.24, 254983, 209, 500, 0
549, 3, 160, 244, 24, 0, 63.72%, 29, 0, 8, 476.34, 257379, 209, 511, 0
554, 3, 201, 246, 26, 0, 63.72%, 29, 0, 8, 472.00, 259797, 209, 517, 0
559, 3, 151, 246, 25, 0, 63.72%, 29, 0, 8, 488.32, 262259, 209, 521, 0
564, 3, 143, 246, 24, 0, 63.72%, 29, 0, 8, 482.68, 264741, 209, 533, 0
569, 3, 149, 246, 24, 0, 63.72%, 30, 0, 8, 472.03, 267089, 209, 540, 0
574, 4, 160, 246, 24, 0, 63.72%, 31, 0, 8, 482.18, 269600, 209, 548, 0
579, 4, 151, 246, 24, 0, 63.72%, 31, 0, 8, 481.40, 271996, 209, 551, 0
584, 4, 160, 248, 23, 0, 63.72%, 32, 0, 8, 484.58, 274403, 209, 557, 0
589, 4, 156, 248, 22, 0, 63.72%, 32, 0, 8, 488.01, 276915, 209, 563, 0
595, 4, 172, 248, 22, 0, 63.72%, 32, 0, 8, 486.21, 279431, 209, 566, 0
600, 4, 185, 248, 22, 0, 63.72%, 32, 0, 8, 478.34, 281841, 209, 578, 0
605, 4, 248, 249, 23, 1, 66.46%, 32, 0, 8, 466.41, 284262, 218, 585, 0
610, 4, 248, 256, 30, 1, 66.46%, 32, 0, 8, 447.97, 286569, 218, 585, 0
615, 4, 248, 257, 31, 1, 66.46%, 32, 0, 8, 440.64, 288816, 218, 585, 0
620, 4, 248, 257, 31, 1, 66.46%, 32, 0, 8, 435.24, 291064, 218, 585, 0
625, 4, 248, 257, 31, 1, 66.46%, 32, 0, 8, 431.28, 293289, 218, 585, 0
631, 4, 248, 257, 31, 1, 66.46%, 32, 0, 8, 436.02, 295561, 218, 585, 0
636, 4, 248, 257, 31, 1, 66.46%, 32, 0, 8, 438.49, 297761, 218, 585, 0
641, 4, 247, 257, 27, 0, 66.46%, 33, 0, 8, 463.64, 300142, 218, 586, 0
646, 4, 257, 260, 29, 0, 66.46%, 33, 0, 8, 469.61, 302590, 218, 590, 0
651, 4, 48, 260, 27, 0, 66.46%, 33, 0, 8, 473.11, 305056, 218, 591, 0
656, 4, 8, 260, 25, 0, 66.46%, 33, 0, 8, 442.52, 307267, 218, 594, 0
661, 4, 253, 260, 25, 0, 66.46%, 33, 0, 8, 433.20, 309516, 218, 598, 0
666, 4, 160, 260, 25, 0, 66.46%, 33, 0, 8, 461.75, 311945, 218, 601, 0
672, 4, 160, 260, 25, 0, 66.46%, 34, 0, 8, 474.03, 314421, 218, 608, 0
677, 4, 10, 260, 25, 0, 66.46%, 34, 0, 8, 474.72, 316779, 218, 617, 0
682, 4, 156, 260, 25, 0, 66.46%, 34, 0, 8, 470.27, 319222, 218, 623, 0
687, 5, 248, 261, 25, 0, 66.46%, 34, 0, 8, 466.92, 321570, 218, 627, 0
692, 5, 260, 261, 25, 0, 66.46%, 34, 0, 8, 453.19, 323934, 218, 629, 0
697, 5, 27, 261, 24, 0, 66.46%, 34, 0, 8, 437.36, 326098, 218, 633, 0
702, 5, 21, 262, 24, 0, 66.46%, 34, 0, 8, 415.72, 328163, 218, 640, 0
707, 5, 261, 264, 26, 0, 66.46%, 34, 0, 9, 411.72, 330252, 218, 642, 0
712, 5, 261, 265, 27, 0, 66.46%, 34, 0, 9, 406.27, 332291, 218, 648, 0
717, 5, 261, 265, 27, 0, 66.46%, 34, 0, 9, 408.15, 334379, 218, 653, 0
722, 5, 261, 266, 28, 0, 66.46%, 34, 0, 9, 414.49, 336490, 218, 660, 0
727, 5, 151, 266, 27, 0, 66.46%, 34, 0, 9, 439.86, 338785, 218, 666, 0
733, 5, 263, 267, 28, 0, 66.46%, 34, 0, 10, 426.26, 340945, 218, 668, 0
738, 5, 264, 268, 28, 0, 66.46%, 34, 0, 10, 437.10, 343196, 218, 671, 0
743, 5, 264, 269, 29, 0, 66.46%, 34, 0, 10, 410.33, 345219, 218, 678, 0
748, 5, 148, 269, 28, 0, 66.46%, 34, 0, 10, 429.44, 347393, 218, 686, 0
753, 5, 29, 269, 27, 0, 66.46%, 34, 0, 10, 384.08, 349253, 218, 688, 0
758, 5, 80, 269, 27, 0, 66.46%, 34, 0, 10, 405.28, 351400, 218, 693, 0
763, 5, 144, 269, 26, 0, 66.46%, 34, 0, 10, 420.65, 353512, 218, 696, 0
768, 5, 59, 269, 26, 0, 66.46%, 34, 0, 10, 438.57, 355727, 218, 699, 0
773, 5, 80, 269, 26, 0, 66.46%, 34, 0, 10, 397.92, 357703, 218, 706, 0
778, 5, 166, 269, 26, 0, 66.46%, 34, 0, 10, 385.49, 359672, 218, 706, 0
783, 5, 164, 270, 27, 0, 66.46%, 34, 0, 10, 372.74, 361600, 218, 707, 0
788, 5, 269, 271, 28, 0, 66.46%, 34, 0, 10, 351.67, 363423, 218, 708, 0
793, 5, 149, 271, 27, 0, 66.46%, 34, 0, 10, 347.74, 365081, 218, 708, 0
799, 5, 199, 271, 27, 0, 66.46%, 34, 0, 10, 374.13, 367055, 218, 711, 0
804, 5, 255, 271, 27, 0, 66.46%, 34, 0, 10, 342.47, 368807, 218, 712, 0
809, 5, 28, 272, 27, 0, 66.46%, 34, 0, 10, 351.54, 370498, 218, 715, 0
814, 5, 253, 272, 25, 0, 66.46%, 34, 0, 10, 367.48, 372377, 218, 719, 0
819, 5, 270, 275, 28, 0, 66.46%, 34, 0, 10, 342.20, 374123, 218, 719, 0
824, 5, 270, 276, 29, 0, 66.46%, 35, 0, 10, 289.87, 375519, 218, 721, 0
829, 5, 270, 280, 33, 0, 66.46%, 35, 0, 10, 283.49, 376932, 218, 724, 0
834, 5, 270, 282, 35, 0, 66.46%, 35, 0, 10, 280.57, 378346, 218, 728, 0
839, 5, 270, 282, 35, 0, 66.46%, 35, 0, 10, 277.74, 379742, 218, 729, 0
844, 5, 270, 284, 37, 0, 66.46%, 35, 0, 10, 282.92, 381221, 218, 735, 0
849, 5, 270, 284, 37, 0, 66.46%, 35, 0, 10, 275.21, 382636, 218, 739, 0
854, 5, 270, 285, 38, 0, 66.46%, 35, 0, 10, 284.51, 384068, 218, 739, 0
859, 5, 274, 285, 37, 0, 66.46%, 35, 0, 10, 318.73, 385697, 218, 743, 0
864, 5, 278, 285, 36, 0, 66.46%, 35, 0, 10, 317.86, 387273, 218, 746, 0
869, 5, 278, 287, 38, 0, 66.46%, 35, 0, 10, 312.64, 388904, 218, 746, 0
874, 5, 278, 289, 40, 0, 66.46%, 35, 0, 10, 278.59, 390257, 218, 746, 0
880, 5, 278, 291, 42, 0, 66.46%, 35, 0, 10, 270.94, 391601, 218, 753, 0
885, 5, 278, 291, 42, 0, 66.46%, 35, 0, 10, 274.30, 392976, 218, 754, 0
890, 5, 278, 292, 43, 0, 66.46%, 35, 0, 10, 268.66, 394334, 218, 758, 0
895, 5, 278, 293, 44, 0, 66.46%, 35, 0, 10, 292.25, 395837, 218, 763, 0
900, 5, 278, 294, 45, 0, 66.46%, 35, 0, 10, 297.42, 397359, 218, 767, 0
905, 5, 278, 294, 45, 0, 66.46%, 35, 0, 10, 312.45, 398975, 218, 773, 0
910, 5, 251, 294, 44, 0, 66.46%, 35, 0, 10, 391.50, 401131, 218, 776, 0
915, 5, 282, 294, 42, 0, 66.46%, 35, 0, 10, 322.80, 402809, 218, 779, 0
920, 5, 97, 294, 41, 0, 66.46%, 35, 0, 10, 339.39, 404387, 218, 782, 0
925, 5, 281, 295, 42, 0, 66.46%, 35, 0, 10, 330.43, 406090, 218, 784, 0
931, 5, 290, 295, 40, 0, 66.46%, 35, 0, 10, 368.85, 408093, 218, 787, 0
933, 5, 290, 295, 40, 0, 66.46%, 35, 0, 10, 379.53, 408844, 218, 787, 0
